20
21
22
23
24
25
27
28
29
30
31
32
33
34
35
36
37
39
40
41
194
195
197
198
199
202
203
204
205
206
207
208
210
212
213
214
215
216
227
228
232
233
234
235
236
238
239
240
241
242
243
244
245
246
247
248
249
250
251
252
253
257
258
259
260
261
262
263
264
265
266
267
268
269
270
271
272
273
274
275
276
277
278
279
280
281
282
283
284
285
286
287
288
289
290
291
292
293
294
295
297
298
299
301
302
303
304
305
306
307
308
309
310
311
313
315
316
317
318
319
320
321
322
323
324
325
326
327
328
329
330
331
332
333
339
342
343
346
347
348
349
351
352
354
356
357
359
360
361
362
363
364
365
366
367
368
369
370
371
373
374
375
376
377
378
379
380
381
382
383
384
385
386
387
388
389
390
391
392
393
394
395
396
397
398
399
400
401
402
403
404
406
407
410
411
412
413
414
1930
1931
1933
1934
1935
1937
1939
1941
1942
1943
1944
1945
1946
1947
1948
1949
1950
1951
1952
1953
1954
1955
1956
1957
1958
1960
1961
1962
1963
1964
1965
1966
1967
1968
1969
1970
1971
1972
1973
1974
1975
1976
1977
1978
1979
1980
1981
1982
1984
1985
1986
1990
1991
1992
1993
1994
1995
1996
1997
1998
1999
2000
2001
2002
2003
2004
2005
2006
2007
2008
2009
2010
2011
2012
2013
2014
2015
2016
2017
2018
2019
2020
2021
2022
2023
2024
2025
2026
2027
2028
2029
2030
2031
2032
2033
2035
2037
2038
2039
2040
2041
2042
2043
2044
2045
2046
2051
2053
2056
2059
2061
2065
2067
2068
2070
2081
2082
2083
2084
2085
2086
2087
2088
2090
2091
2092
2094
2095
2096
2098
2099
2104
2105
2106
2107
2108
2109
2110
2111
2112
2113
2115
2116
2117
2119
2121
2122
2123
2124
2125
2126
2128
2130
2132
2134
2137
2138
2141
2142
2146
2150
2152
2153
2154
2156
2157
2158
2159
2160
2162
2163
2166
2167
2168
2171
2172
2175
2177
2178
2179
2180
2181
2182
2183
2185
2186
2187
2188
2190
2192
2193
2194
2199
